-76.69682
-108.20234
-147.73023
-167.8757
-172.21958
-168.6392
-166.07121
-155.98756
-150.99859
-124.82238
-115.32788
-81.52089
-61.14294
-2.7341
52.76152
121.1693
166.15868
200.78638
208.86331
213.92993
218.10636
207.32885
213.79605
219.95155
217.44778
198.35653
184.57602
158.51626
142.03315
109.37184
57.18375
11.36847
-48.61498
-85.47038
-131.7258
-167.52543
-186.36625
-182.31024
-177.30021
-172.67393
-158.47304
-140.38258
-127.73478
-95.40079
-63.99824
7.60445
64.56243
130.27061
189.14983
225.41778
252.44209
242.60549
224.14064
239.8242
253.49688
244.22298
237.75825
219.74326
187.29689
142.95822
100.69831
72.15127
27.60602
-33.16574
